273K: 1=dg3375-07 2=dg3375-05 3=dg3375-06 4=ep855-08 5=ep855-09
# species       # reactions     # init conditions 
4               3               5
# samples       tmin    tmax    iobs 	prt skip t 
100000		0.0	140  	688	250 
output flag log flag case flag  ipred
3           0        1          0
lsq criteria:	eps	tol	imax
		1d-9	1d-9	80
'T  '   't0 '   '1'	'2E'   'cat'	'cmpx'	
273.0	0.0	0.1785	0.0275	1.48E-4	3.00E-4
0	0	0	0	0	0	
273.0	0.0	0.1965  0.0408  1.19E-4 2.90E-4
0	0	0	0	0	0	
273.0	0.0	0.1729  0.0626  1.32E-4 2.67E-4
0	0	0	0	0	0	
273.0	0.0	0.1531  0.0495  1.14E-4 2.53E-4
0	0	0	0	0	0	
273.0	0.0	0.1591  0.0391  1.38E-4 2.76E-4
0	0	0	0	0	0	
                1	1	1	1	0    these are flags for printing
k name, k, ifit, ktp, ktx, # species, species # (1 line ea. fwd and rev rxns)
'k1 '   370.0     1      0       0       2	1	3	1 + cat <-> 2E
'k-1'     0.0     0      0       0       1	4
'k2 '    15.95    1      0       0       1	4               cmpx <-> 2E + cat
'k-2'     0.0     0      0       0       2	2	3
'k3 '   1.00d-16  0      0       0       1	1               1 <-> 2E 
'k-3'   3.18d-3   1      0       0       1	2	
experimental data: conditions set, species (by number), time, conc, unc
1	1	4	0.15490191556618	0.001549019155662
1	1	8	0.136449003128493	0.001364490031285
1	1	12	0.118987958188104	0.001189879581881
1	1	16	0.102411438598343	0.001024114385983
1	1	20	0.086915379567723	0.000869153795677
1	1	24	0.072479371925417	0.000724793719254
1	1	28	0.059208585640246	0.000592085856402
1	1	32	0.047213114059002	0.00047213114059
1	1	36	0.036680289095988	0.00036680289096
1	1	40	0.027720551210711	0.000277205512107
1	1	44	0.020417351297312	0.000204173512973
1	1	48	0.01484196133337	0.000148419613334
1	1	52	0.010764728507805	0.000107647285078
1	1	56	0.008247145724996	8.24714572499562E-05
1	1	60	0.00658104343954	6.58104343953972E-05
1	1	64	0.005650408648291	5.65040864829093E-05
1	1	68	0.005190359395183	5.19035939518253E-05
1	1	72	0.004886616310554	4.88661631055397E-05
1	1	76	0.004747722494937	4.74772249493718E-05
1	1	80	0.004694920940233	4.69492094023314E-05
1	1	84	0.004634956245911	4.63495624591123E-05
1	1	88	0.004662476088254	4.66247608825353E-05
1	1	92	0.004620890524364	4.62089052436409E-05
1	2	4	0.046781735692682	0.000467817356927
1	2	8	0.065517633731265	0.000655176337313
1	2	12	0.0833854101715	0.000833854101715
1	2	16	0.10034282831807	0.001003428283181
1	2	20	0.116283045192944	0.001162830451929
1	2	24	0.131170934037987	0.00131170934038
1	2	28	0.14483383240265	0.001448338324027
1	2	32	0.157124042413039	0.00157124042413
1	2	36	0.168023386046983	0.00168023386047
1	2	40	0.177186335159626	0.001771863351596
1	2	44	0.18463409016732	0.001846340901673
1	2	48	0.190270982643505	0.001902709826435
1	2	52	0.194458361144485	0.001944583611445
1	2	56	0.197070441872323	0.001970704418723
1	2	60	0.198722769682806	0.001987227696828
1	2	64	0.199652813787317	0.001996528137873
1	2	68	0.200192213414985	0.00200192213415
1	2	72	0.200438725542301	0.002004387255423
1	2	76	0.200586614124696	0.002005866141247
1	2	80	0.20074648202087	0.002007464820209
1	2	84	0.200703267330146	0.002007032673301
1	2	88	0.200745592322108	0.002007455923221
1	2	92	0.200765956199265	0.002007659561993
1	3	4	0.000160667221752	4E-06
1	3	8	0.000181664752054	4E-06
1	3	12	0.000192394932336	4E-06
1	3	16	0.000206954286589	4E-06
1	3	20	0.000219617788916	4E-06
1	3	24	0.000219821764568	4E-06
1	3	28	0.000229635313119	4E-06
1	3	32	0.000241839641121	4E-06
1	3	36	0.000254594575769	4E-06
1	3	40	0.000269515396997	4E-06
1	3	44	0.000285577048023	4E-06
1	3	48	0.000302851818212	4E-06
1	3	52	0.000319136983375	4E-06
1	3	56	0.000328995938615	4E-06
1	3	60	0.00032941906872	4E-06
1	3	64	0.000343545106672	4E-06
1	3	68	0.000346869211344	4E-06
1	3	72	0.000348068720052	4E-06
1	3	76	0.000343428477158	4E-06
1	3	80	0.000345460889826	4E-06
1	3	84	0.000343169803822	4E-06
1	3	88	0.000348376581859	4E-06
1	3	92	0.000346726245928	4E-06
1	4	4	0.00028782143837	4E-06
1	4	8	0.000280095762623	4E-06
1	4	12	0.000269071612708	4E-06
1	4	16	0.000256894747925	4E-06
1	4	20	0.00024711719245	4E-06
1	4	24	0.00024170052229	4E-06
1	4	28	0.000230054665783	4E-06
1	4	32	0.000220371768215	4E-06
1	4	36	0.000201060579965	4E-06
1	4	40	0.000188254740623	4E-06
1	4	44	0.000163563580547	4E-06
1	4	48	0.00015001180135	4E-06
1	4	52	0.000133210162214	4E-06
1	4	56	0.000124355280043	4E-06
1	4	60	0.000113656931701	4E-06
1	4	64	0.000107143674116	4E-06
1	4	68	0.000106391852119	4E-06
1	4	72	0.000104653663591	4E-06
1	4	76	0.000104431884546	4E-06
1	4	80	0.000107738138087	4E-06
1	4	84	0.000103025454377	4E-06
1	4	88	9.87315765603479E-05	4E-06
1	4	92	0.000101356710526	4E-06
2       1       4       0.174644892238855       0.001746448922389
2       1       8       0.153121637509555       0.001531216375096
2       1       12      0.132694980598138       0.001326949805981
2       1       16      0.113417648163585       0.001134176481636
2       1       20      0.09540525004708        0.000954052500471
2       1       24      0.078791977330512       0.000787919773305
2       1       28      0.063700503777144       0.000637005037771
2       1       32      0.050175320223318       0.000501753202233
2       1       36      0.038642510903011       0.00038642510903
2       1       40      0.028714804789954       0.0002871480479
2       1       44      0.021018784303823       0.000210187843038
2       1       48      0.015295391406981       0.00015295391407
2       1       52      0.01131172936272        0.000113117293627
2       1       56      0.008683784468437       8.6837844684366E-05
2       1       60      0.007152898250984       7.15289825098399E-05
2       1       64      0.006276866577003       6.27686657700324E-05
2       1       68      0.005871280623267       5.8712806232673E-05
2       1       72      0.005723316621774       5.72331662177447E-05
2       1       76      0.005427905381716       5.42790538171567E-05
2       1       80      0.005347611144291       5.34761114429103E-05
2       1       84      0.005394425518862       5.39442551886167E-05
2       1       88      0.005404068346312       5.40406834631236E-05
2       1       92      0.005300295304363       5.30029530436295E-05
2       1       96      0.005327663388623       5.32766338862307E-05
2       1       100     0.005279526045355       5.27952604535529E-05
2       1       104     0.005400478492802       5.40047849280228E-05
2       1       108     0.005336644462246       5.33664446224631E-05
2       1       112     0.005308441753765       5.30844175376489E-05
2       1       116     0.005417748553058       5.41774855305841E-05
2       1       120     0.005275943379985       5.27594337998523E-05
2       1       124     0.005300975654322       5.30097565432189E-05
2       1       128     0.005298864327948       5.29886432794826E-05
2       1       132     0.005320476793862       5.32047679386223E-05
2       1       136     0.005328876728703       5.3288767287027E-05
2       2       4       0.063355375415991       0.00063355375416
2       2       8       0.084899797352379       0.000848997973524
2       2       12      0.105213616779463       0.001052136167795
2       2       16      0.124401426668868       0.001244014266689
2       2       20      0.14249002707013        0.001424900270701
2       2       24      0.159110204781582       0.001591102047816
2       2       28      0.174372408368132       0.001743724083681
2       2       32      0.187984811597558       0.001879848115976
2       2       36      0.199693353360929       0.001996933533609
2       2       40      0.209586932333018       0.00209586932333
2       2       44      0.217360123716768       0.002173601237168
2       2       48      0.223220554131273       0.002232205541313
2       2       52      0.227294870140807       0.002272948701408
2       2       56      0.22987464047128        0.002298746404713
2       2       60      0.231523208631757       0.002315232086318
2       2       64      0.23236348894423        0.002323634889442
2       2       68      0.232885178171757       0.002328851781718
2       2       72      0.233140677549947       0.002331406775499
2       2       76      0.233307114478959       0.00233307114479
2       2       80      0.233380649481201       0.002333806494812
2       2       84      0.233484098517665       0.002334840985177
2       2       88      0.23350635163795        0.00233506351638
2       2       92      0.233512079790059       0.002335120797901
2       2       96      0.23351851580467        0.002335185158047
2       2       100     0.233498591391412       0.002334985913914
2       2       104     0.23368786305184        0.002336878630518
2       2       108     0.233606069692002       0.00233606069692
2       2       112     0.233611952956255       0.002336119529563
2       2       116     0.23359090749735        0.002335909074974
2       2       120     0.233621394588942       0.002336213945889
2       2       124     0.233683089483448       0.002336830894834
2       2       128     0.233659910125908       0.002336599101259
2       2       132     0.233628525943878       0.002336285259439
2       2       136     0.23362085495821        0.002336208549582
2       3       4       0.000132420693427       4E-06
2       3       8       0.000142452303618       4E-06
2       3       12      0.000153437303173       4E-06
2       3       16      0.00016786012263        4E-06
2       3       20      0.000183183189993       4E-06
2       3       24      0.000193030196034       4E-06
2       3       28      0.000211781663038       4E-06
2       3       32      0.00022331498538        4E-06
2       3       36      0.000259195395483       4E-06
2       3       40      0.000263090841313       4E-06
2       3       44      0.000288273404877       4E-06
2       3       48      0.000307321064157       4E-06
2       3       52      0.000323046653945       4E-06
2       3       56      0.000327957962595       4E-06
2       3       60      0.000338101345157       4E-06
2       3       64      0.000340849845903       4E-06
2       3       68      0.000325413689108       4E-06
2       3       72      0.000335436965684       4E-06
2       3       76      0.000345305466695       4E-06
2       3       80      0.000347784299319       4E-06
2       3       84      0.000346830797601       4E-06
2       3       88      0.000348269007434       4E-06
2       3       92      0.000347986275212       4E-06
2       3       96      0.000336919695691       4E-06
2       3       100     0.000336937490048       4E-06
2       3       104     0.000337769497707       4E-06
2       3       108     0.000351567875943       4E-06
2       3       112     0.000332686865615       4E-06
2       3       116     0.000338086892004       4E-06
2       3       120     0.00034660791358        4E-06
2       3       124     0.000333364142133       4E-06
2       3       128     0.000338048274678       4E-06
2       3       132     0.000336258421287       4E-06
2       3       136     0.000329564346279       4E-06
2       4       4       0.000279663413963       4E-06
2       4       8       0.000278446430311       4E-06
2       4       12      0.000257192108108       4E-06
2       4       16      0.000257999150485       4E-06
2       4       20      0.000236015693545       4E-06
2       4       24      0.000231080148028       4E-06
2       4       28      0.000229556147994       4E-06
2       4       32      0.000198515597482       4E-06
2       4       36      0.000191456922725       4E-06
2       4       40      0.00016931635703        4E-06
2       4       44      0.000148702543322       4E-06
2       4       48      0.000137585616575       4E-06
2       4       52      0.000127669599339       4E-06
2       4       56      0.000115921150887       4E-06
2       4       60      9.64230844606318E-05    4E-06
2       4       64      9.48569036406413E-05    4E-06
2       4       68      9.65324964636527E-05    4E-06
2       4       72      9.37493734529063E-05    4E-06
2       4       76      9.02024787820321E-05    4E-06
2       4       80      9.22950341365847E-05    4E-06
2       4       84      0.000101890460578       4E-06
2       4       88      9.50014488570602E-05    4E-06
2       4       92      8.0215155047603E-05     4E-06
2       4       96      8.38149346575239E-05    4E-06
2       4       100     9.03252151876711E-05    4E-06
2       4       104     9.25662551422175E-05    4E-06
2       4       108     9.71355257039967E-05    4E-06
2       4       112     7.82455384731557E-05    4E-06
2       4       116     9.5374758685928E-05     4E-06
2       4       120     8.89906633099255E-05    4E-06
2       4       124     9.87166200956476E-05    4E-06
2       4       128     8.96957873297337E-05    4E-06
2       4       132     9.13745348157484E-05    4E-06
2       4       136     0.000101376108518       4E-06
3       1       4       0.152376011329959       0.0015237601133
3       1       8       0.132396961252742       0.001323969612527
3       1       12      0.113592420640828       0.001135924206408
3       1       16      0.096001702814266       0.000960017028143
3       1       20      0.079603134797144       0.000796031347971
3       1       24      0.064749530163249       0.000647495301632
3       1       28      0.051431456132044       0.00051431456132
3       1       32      0.039743717473738       0.000397437174737
3       1       36      0.029858311905885       0.000298583119059
3       1       40      0.022055275904755       0.000220552759048
3       1       44      0.015989054211701       0.000159890542117
3       1       48      0.011741703220898       0.000117417032209
3       1       52      0.009086884672352       9.08688467235224E-05
3       1       56      0.00737570631095        7.37570631094977E-05
3       1       60      0.006418237826836       6.41823782683623E-05
3       1       64      0.005752272258704       5.75227225870402E-05
3       1       68      0.005503607936053       5.50360793605264E-05
3       1       72      0.005437267607888       5.4372676078884E-05
3       1       76      0.005329262917238       5.32926291723794E-05
3       1       80      0.005218766924399       5.21876692439932E-05
3       1       84      0.005289077955363       5.28907795536288E-05
3       1       88      0.005174018436346       5.17401843634557E-05
3       1       92      0.005225411353308       5.2254113533079E-05
3       2       4       0.083471285710947       0.000834712857109
3       2       8       0.103231967157547       0.001032319671575
3       2       12      0.122028543736962       0.00122028543737
3       2       16      0.139649770748525       0.001396497707485
3       2       20      0.156135753305102       0.001561357533051
3       2       24      0.170969708785401       0.001709697087854
3       2       28      0.184442741801915       0.001844427418019
3       2       32      0.196073623813425       0.001960736238134
3       2       36      0.20588366620223        0.002058836662022
3       2       40      0.213823431704627       0.002138234317046
3       2       44      0.219877139762734       0.002198771397627
3       2       48      0.224170693817594       0.002241706938176
3       2       52      0.226930791835481       0.002269307918355
3       2       56      0.228595069977177       0.002285950699772
3       2       60      0.229701194470002       0.0022970119447
3       2       64      0.230303074820191       0.002303030748202
3       2       68      0.230464481492985       0.00230464481493
3       2       72      0.230763825320865       0.002307638253209
3       2       76      0.230833466021598       0.002308334660216
3       2       80      0.230912567255808       0.002309125672558
3       2       84      0.230901192126892       0.002309011921269
3       2       88      0.230934209609412       0.002309342096094
3       2       92      0.230880520106931       0.002308805201069
3       3       4       0.000127153255488       4E-06
3       3       8       0.000153198392062       4E-06
3       3       12      0.000155312526528       4E-06
3       3       16      0.000164783713491       4E-06
3       3       20      0.000187012312741       4E-06
3       3       24      0.000189522549008       4E-06
3       3       28      0.000216479917414       4E-06
3       3       32      0.000229665108093       4E-06
3       3       36      0.000246030838907       4E-06
3       3       40      0.000275648491845       4E-06
3       3       44      0.00028809376879        4E-06
3       3       48      0.000292312954302       4E-06
3       3       52      0.000310156218495       4E-06
3       3       56      0.000318018522695       4E-06
3       3       60      0.000311479834521       4E-06
3       3       64      0.000327785986855       4E-06
3       3       68      0.0003232983273 4E-06
3       3       72      0.000336597750669       4E-06
3       3       76      0.000319602502884       4E-06
3       3       80      0.000322926592294       4E-06
3       3       84      0.000336287927449       4E-06
3       3       88      0.000329929811445       4E-06
3       3       92      0.000326173674287       4E-06
3       4       4       0.000268374983607       4E-06
3       4       8       0.000244828978104       4E-06
3       4       12      0.000230331155903       4E-06
3       4       16      0.000227767540835       4E-06
3       4       20      0.000222523077317       4E-06
3       4       24      0.000196504385814       4E-06
3       4       28      0.000184761590396       4E-06
3       4       32      0.000179245363296       4E-06
3       4       36      0.000155969076262       4E-06
3       4       40      0.00014971666521        4E-06
3       4       44      0.000125416968604       4E-06
3       4       48      0.000118159521644       4E-06
3       4       52      0.000102304725308       4E-06
3       4       56      9.55169311728784E-05    4E-06
3       4       60      8.90976104416282E-05    4E-06
3       4       64      7.88750655086352E-05    4E-06
3       4       68      7.91599474672667E-05    4E-06
3       4       72      8.54623926257271E-05    4E-06
3       4       76      8.63695881663131E-05    4E-06
3       4       80      9.05069443153514E-05    4E-06
3       4       84      9.4666663957012E-05     4E-06
3       4       88      7.55485351868634E-05    4E-06
3       4       92      7.7035321854532E-05     4E-06
4       1       2       0.143018205496861       0.001430182054969
4       1       4       0.134194083458123       0.001341940834581
4       1       6       0.126055051131145       0.001260550511311
4       1       8       0.118164595580889       0.001181645955809
4       1       10      0.110583373042004       0.00110583373042
4       1       12      0.103151627026256       0.001031516270263
4       1       14      0.095906139149029       0.00095906139149
4       1       16      0.088812527617745       0.000888125276177
4       1       18      0.082419023403927       0.000824190234039
4       1       20      0.076091264323028       0.00076091264323
4       1       22      0.069860025770129       0.000698600257701
4       1       24      0.063964652104342       0.000639646521043
4       1       26      0.058659924714084       0.000586599247141
4       1       28      0.053212700126342       0.000532127001263
4       1       30      0.048228948891423       0.000482289488914
4       1       32      0.043574044859527       0.000435740448595
4       1       34      0.039111351272096       0.000391113512721
4       1       36      0.034937989609149       0.000349379896091
4       1       38      0.03109944580225        0.000310994458023
4       1       40      0.027683759102637       0.000276837591026
4       1       42      0.024861631331184       0.000248616313312
4       1       44      0.021668267985456       0.000216682679855
4       1       46      0.019120094706105       0.000191200947061
4       1       48      0.016869795963989       0.00016869795964
4       1       50      0.014959306987979       0.00014959306988
4       1       52      0.013310332986858       0.000133103329869
4       1       54      0.011755565766989       0.00011755565767
4       1       56      0.010503731337685       0.000105037313377
4       1       58      0.009310630206671       9.31063020667131E-05
4       1       60      0.008587764403739       8.58776440373938E-05
4       1       62      0.007750110265301       7.75011026530101E-05
4       1       64      0.007065515220814       7.06551522081389E-05
4       1       66      0.006555832114579       6.55583211457942E-05
4       1       68      0.00628225278127        6.28225278126992E-05
4       1       70      0.006050206739119       6.05020673911944E-05
4       1       72      0.005684586093735       5.68458609373522E-05
4       1       74      0.005532651900161       5.53265190016124E-05
4       1       76      0.005378691120226       5.37869112022635E-05
4       1       78      0.005235278788411       5.23527878841067E-05
4       1       80      0.005140252451979       5.14025245197878E-05
4       1       82      0.004978267920067       4.97826792006655E-05
4       1       84      0.005071914201178       5.07191420117815E-05
4       1       86      0.004958893083286       4.95889308328552E-05
4       1       88      0.004882961375846       4.8829613758461E-05
4       1       90      0.00477078652859        4.77078652858968E-05
4       1       92      0.004668133087758       4.66813308775767E-05
4       2       2       0.058350237244735       0.000583502372447
4       2       4       0.066491406635707       0.000664914066357
4       2       6       0.074736673875199       0.000747366738752
4       2       8       0.08257348027209        0.000825734802721
4       2       10      0.090059131742936       0.000900591317429
4       2       12      0.097355036882032       0.00097355036882
4       2       14      0.104417139767591       0.001044171397676
4       2       16      0.111183111125942       0.001111831111259
4       2       18      0.117925304428398       0.001179253044284
4       2       20      0.124169730878431       0.001241697308784
4       2       22      0.130178185082455       0.001301781850825
4       2       24      0.136115807272815       0.001361158072728
4       2       26      0.141714343193955       0.00141714343194
4       2       28      0.146995187192675       0.001469951871927
4       2       30      0.152189639433521       0.001521896394335
4       2       32      0.156800770828037       0.00156800770828
4       2       34      0.161202313251839       0.001612023132518
4       2       36      0.16527151877403        0.00165271518774
4       2       38      0.169160061914021       0.00169160061914
4       2       40      0.172612347335961       0.00172612347336
4       2       42      0.175824867577652       0.001758248675777
4       2       44      0.178724090326822       0.001787240903268
4       2       46      0.181245913022588       0.001812459130226
4       2       48      0.183671652121191       0.001836716521212
4       2       50      0.18555860199946        0.001855586019995
4       2       52      0.187596628067316       0.001875966280673
4       2       54      0.189007328058112       0.001890073280581
4       2       56      0.190445461967674       0.001904454619677
4       2       58      0.191471009853147       0.001914710098531
4       2       60      0.192285269654336       0.001922852696543
4       2       62      0.193165612648624       0.001931656126486
4       2       64      0.193722619574129       0.001937226195741
4       2       66      0.194288484916454       0.001942884849165
4       2       68      0.194573483503422       0.001945734835034
4       2       70      0.195128289482448       0.001951282894824
4       2       72      0.195350193200972       0.00195350193201
4       2       74      0.195611248335704       0.001956112483357
4       2       76      0.195850657027558       0.001958506570276
4       2       78      0.195911522668731       0.001959115226687
4       2       80      0.19604565856048        0.001960456585605
4       2       82      0.196220791926884       0.001962207919269
4       2       84      0.196372396588906       0.001963723965889
4       2       86      0.196343048984139       0.001963430489841
4       2       88      0.196406236394008       0.00196406236394
4       2       90      0.196517956826483       0.001965179568265
4       2       92      0.196354016154442       0.001963540161544
4       3       2       0.00011124578596        4E-06
4       3       4       0.000112066755735       4E-06
4       3       6       0.000106679017363       4E-06
4       3       8       0.000111782324932       4E-06
4       3       10      0.000122156660244       4E-06
4       3       12      0.000126905805195       4E-06
4       3       14      0.000114673450234       4E-06
4       3       16      0.000124307006775       4E-06
4       3       18      0.00013455830105        4E-06
4       3       20      0.000135161722292       4E-06
4       3       22      0.000140014905867       4E-06
4       3       24      0.000151886005858       4E-06
4       3       26      0.000169032325593       4E-06
4       3       28      0.000160858260083       4E-06
4       3       30      0.000155151113706       4E-06
4       3       32      0.000167287704097       4E-06
4       3       34      0.000180126986646       4E-06
4       3       36      0.000165042137595       4E-06
4       3       38      0.000196945422491       4E-06
4       3       40      0.000185971120182       4E-06
4       3       42      0.000188550724594       4E-06
4       3       44      0.000188338630174       4E-06
4       3       46      0.000199010327446       4E-06
4       3       48      0.000223785349486       4E-06
4       3       50      0.00022374031366        4E-06
4       3       52      0.00022290477755        4E-06
4       3       54      0.000232352176827       4E-06
4       3       56      0.000241364934207       4E-06
4       3       58      0.000226490744633       4E-06
4       3       60      0.000231865135982       4E-06
4       3       62      0.000255076472371       4E-06
4       3       64      0.000231490578324       4E-06
4       3       66      0.000229148782044       4E-06
4       3       68      0.000233481140935       4E-06
4       3       70      0.000245398647282       4E-06
4       3       72      0.000229168638133       4E-06
4       3       74      0.00025760372303        4E-06
4       3       76      0.000243832412078       4E-06
4       3       78      0.000253959698425       4E-06
4       3       80      0.000242757079948       4E-06
4       3       82      0.000230249221407       4E-06
4       3       84      0.000252851734679       4E-06
4       3       86      0.000246167897341       4E-06
4       3       88      0.000251474156847       4E-06
4       3       90      0.000243723594642       4E-06
4       3       92      0.000256378671875       4E-06
4       4       2       0.000240690984242       4E-06
4       4       4       0.000257620263581       4E-06
4       4       6       0.000234354208206       4E-06
4       4       8       0.000235221298989       4E-06
4       4       10      0.000224799913815       4E-06
4       4       12      0.000220486012283       4E-06
4       4       14      0.00021096979578        4E-06
4       4       16      0.00021790781835        4E-06
4       4       18      0.000218427345626       4E-06
4       4       20      0.000212515425623       4E-06
4       4       22      0.000205520123465       4E-06
4       4       24      0.000210593322737       4E-06
4       4       26      0.000200903648675       4E-06
4       4       28      0.000173839937398       4E-06
4       4       30      0.000181489993196       4E-06
4       4       32      0.000180341513418       4E-06
4       4       34      0.000195027682199       4E-06
4       4       36      0.00018088403303        4E-06
4       4       38      0.00018380462392        4E-06
4       4       40      0.000161743040789       4E-06
4       4       42      0.000143041333205       4E-06
4       4       44      0.000167480676869       4E-06
4       4       46      0.000132690988237       4E-06
4       4       48      0.000140985312219       4E-06
4       4       50      0.000122796695347       4E-06
4       4       52      0.000133589988988       4E-06
4       4       54      0.000138897771584       4E-06
4       4       56      0.000146361520401       4E-06
4       4       58      0.000114146297848       4E-06
4       4       60      0.000123614008934       4E-06
4       4       62      0.0001151715755 4E-06
4       4       64      0.000120128990837       4E-06
4       4       66      0.000109562427983       4E-06
4       4       68      0.000114384951993       4E-06
4       4       70      0.000114151385359       4E-06
4       4       72      0.000104600381377       4E-06
4       4       74      9.80619997614154E-05    4E-06
4       4       76      9.50728481889439E-05    4E-06
4       4       78      0.000109072867663       4E-06
4       4       80      0.000114645232137       4E-06
4       4       82      8.30428245610863E-05    4E-06
4       4       84      9.52719775992092E-05    4E-06
4       4       86      9.68264266306956E-05    4E-06
4       4       88      7.5048953469901E-05     4E-06
4       4       90      8.54376921095408E-05    4E-06
4       4       92      0.000127444779939       4E-06
5       1       2       0.148690557164026       0.00148690557164
5       1       4       0.139043494855419       0.001390434948554
5       1       6       0.130139464221606       0.001301394642216
5       1       8       0.121311533543565       0.001213115335436
5       1       10      0.112799644680162       0.001127996446802
5       1       12      0.10474079372447        0.001047407937245
5       1       14      0.097005940439612       0.000970059404396
5       1       16      0.089486175030618       0.000894861750306
5       1       18      0.082291729965273       0.000822917299653
5       1       20      0.075500837062943       0.000755008370629
5       1       22      0.069041372691938       0.000690413726919
5       1       24      0.062680519566766       0.000626805195668
5       1       26      0.05657589809524        0.000565758980952
5       1       28      0.051303470227869       0.000513034702279
5       1       30      0.04601535588908        0.000460153558891
5       1       32      0.041325946777133       0.000413259467771
5       1       34      0.036912211562926       0.000369122115629
5       1       36      0.032517897567475       0.000325178975675
5       1       38      0.028852959501808       0.000288529595018
5       1       40      0.025336450392923       0.000253364503929
5       1       42      0.02233642341334        0.000223364234133
5       1       44      0.019577829890605       0.000195778298906
5       1       46      0.017340693282175       0.000173406932822
5       1       48      0.015022405827634       0.000150224058276
5       1       50      0.013196351220486       0.000131963512205
5       1       52      0.011662143906353       0.000116621439064
5       1       54      0.010420225409181       0.000104202254092
5       1       56      0.00920200681357        9.20200681356993E-05
5       1       58      0.008307245007113       8.30724500711283E-05
5       1       60      0.007795163320319       7.79516332031922E-05
5       1       62      0.006911398451592       6.91139845159166E-05
5       1       64      0.006766252846439       6.76625284643887E-05
5       1       66      0.006272601509488       6.27260150948794E-05
5       1       68      0.005963441562292       5.96344156229197E-05
5       1       70      0.005690016517108       5.69001651710762E-05
5       1       72      0.005300951344879       5.3009513448786E-05
5       1       74      0.005341436849728       5.34143684972781E-05
5       1       76      0.00517138057267        5.17138057266952E-05
5       1       78      0.005085833429456       5.08583342945606E-05
5       1       80      0.005314828715731       5.31482871573052E-05
5       1       82      0.00494712443609        4.94712443609016E-05
5       1       84      0.004769724378233       4.76972437823315E-05
5       1       86      0.004753130164541       4.75313016454092E-05
5       1       88      0.004833941077412       4.83394107741196E-05
5       1       90      0.004839008645905       4.8390086459048E-05
5       1       92      0.004818926227669       4.81892622766882E-05
5       2       2       0.048855417489342       0.000488554174893
5       2       4       0.058130746623783       0.000581307466238
5       2       6       0.067309339585498       0.000673093395855
5       2       8       0.075875081256953       0.00075875081257
5       2       10      0.084249717323287       0.000842497173233
5       2       12      0.092366364779959       0.0009236636478
5       2       14      0.100063504831649       0.001000635048316
5       2       16      0.107522713211107       0.001075227132111
5       2       18      0.114774089174267       0.001147740891743
5       2       20      0.121601062529283       0.001216010625293
5       2       22      0.128112603671514       0.001281126036715
5       2       24      0.134367468684216       0.001343674686842
5       2       26      0.140247105042904       0.001402471050429
5       2       28      0.145857055568047       0.00145857055568
5       2       30      0.150941692405445       0.001509416924054
5       2       32      0.155860565857134       0.001558605658571
5       2       34      0.160274440038229       0.001602744400382
5       2       36      0.164323526570045       0.0016432352657
5       2       38      0.168183350160993       0.00168183350161
5       2       40      0.171593794325585       0.001715937943256
5       2       42      0.174811633173292       0.001748116331733
5       2       44      0.17745805182224        0.001774580518222
5       2       46      0.179918811895811       0.001799188118958
5       2       48      0.181940831899277       0.001819408318993
5       2       50      0.183771941710658       0.001837719417107
5       2       52      0.185295464877502       0.001852954648775
5       2       54      0.186727415672891       0.001867274156729
5       2       56      0.187569205731596       0.001875692057316
5       2       58      0.188495336248484       0.001884953362485
5       2       60      0.18943217283692        0.001894321728369
5       2       62      0.189943063635138       0.001899430636351
5       2       64      0.190377859318835       0.001903778593188
5       2       66      0.190768674596011       0.00190768674596
5       2       68      0.191114490159922       0.001911144901599
5       2       70      0.191358606812793       0.001913586068128
5       2       72      0.191475211879822       0.001914752118798
5       2       74      0.191510880927304       0.001915108809273
5       2       76      0.191699675026689       0.001916996750267
5       2       78      0.191856849600975       0.00191856849601
5       2       80      0.192078497500592       0.001920784975006
5       2       82      0.191920901616481       0.001919209016165
5       2       84      0.192090523669502       0.001920905236695
5       2       86      0.192015040196996       0.00192015040197
5       2       88      0.192077349687249       0.001920773496872
5       2       90      0.192250512142297       0.001922505121423
5       2       92      0.192152128209295       0.001921521282093
5       3       2       0.000120641767645       4E-06
5       3       4       0.000131665038577       4E-06
5       3       6       0.00014685680312        4E-06
5       3       8       0.000133161652887       4E-06
5       3       10      0.000143280135414       4E-06
5       3       12      0.000145425740085       4E-06
5       3       14      0.000140748936774       4E-06
5       3       16      0.000162893638006       4E-06
5       3       18      0.000178440059374       4E-06
5       3       20      0.000179478091793       4E-06
5       3       22      0.000165249522884       4E-06
5       3       24      0.000205400736374       4E-06
5       3       26      0.000189571265459       4E-06
5       3       28      0.000197635901726       4E-06
5       3       30      0.000203732269268       4E-06
5       3       32      0.000185534071057       4E-06
5       3       34      0.00021906128057        4E-06
5       3       36      0.000213187177524       4E-06
5       3       38      0.00022012673355        4E-06
5       3       40      0.000228175259629       4E-06
5       3       42      0.000222007526035       4E-06
5       3       44      0.000254458311542       4E-06
5       3       46      0.000237799274278       4E-06
5       3       48      0.000260184025896       4E-06
5       3       50      0.000240479615382       4E-06
5       3       52      0.000244300970367       4E-06
5       3       54      0.000274295091161       4E-06
5       3       56      0.000268902488437       4E-06
5       3       58      0.000265818325039       4E-06
5       3       60      0.000294718231457       4E-06
5       3       62      0.000280494341834       4E-06
5       3       64      0.000269227076749       4E-06
5       3       66      0.000270454117844       4E-06
5       3       68      0.000273475471919       4E-06
5       3       70      0.000293224592193       4E-06
5       3       72      0.000303324992087       4E-06
5       3       74      0.000278517893368       4E-06
5       3       76      0.000265144412417       4E-06
5       3       78      0.000272928410604       4E-06
5       3       80      0.000294805081767       4E-06
5       3       82      0.000290279059385       4E-06
5       3       84      0.00028660749475        4E-06
5       3       86      0.000285389750705       4E-06
5       3       88      0.000293198235095       4E-06
5       3       90      0.000288900330893       4E-06
5       3       92      0.000305205054225       4E-06
5       4       2       0.00027069296039        4E-06
5       4       4       0.000267495897596       4E-06
5       4       6       0.000288777642745       4E-06
5       4       8       0.000250089507046       4E-06
5       4       10      0.000261891485812       4E-06
5       4       12      0.000271766948275       4E-06
5       4       14      0.000252322262189       4E-06
5       4       16      0.00022520064015        4E-06
5       4       18      0.000231918591467       4E-06
5       4       20      0.000237826383355       4E-06
5       4       22      0.00020528835409        4E-06
5       4       24      0.000233891663842       4E-06
5       4       26      0.000225122691477       4E-06
5       4       28      0.000213012111229       4E-06
5       4       30      0.000202252006242       4E-06
5       4       32      0.000213353046325       4E-06
5       4       34      0.00019321116571        4E-06
5       4       36      0.000187431551904       4E-06
5       4       38      0.000179257153105       4E-06
5       4       40      0.000188465535174       4E-06
5       4       42      0.000139383455533       4E-06
5       4       44      0.000160663422797       4E-06
5       4       46      0.000146577902112       4E-06
5       4       48      0.000163503878988       4E-06
5       4       50      0.000160125785241       4E-06
5       4       52      0.000125419553154       4E-06
5       4       54      0.000135295074758       4E-06
5       4       56      0.000114594308424       4E-06
5       4       58      0.000128336158775       4E-06
5       4       60      0.000137453947476       4E-06
5       4       62      0.000118013443153       4E-06
5       4       64      0.000134580158661       4E-06
5       4       66      0.000121186870428       4E-06
5       4       68      0.000118111703527       4E-06
5       4       70      0.000125499430363       4E-06
5       4       72      0.000111750232596       4E-06
5       4       74      0.000116232827031       4E-06
5       4       76      0.000126298969796       4E-06
5       4       78      0.000123259416338       4E-06
5       4       80      0.000117463415841       4E-06
5       4       82      0.000108323600593       4E-06
5       4       84      9.19991524704217E-05    4E-06
5       4       86      0.000122201233995       4E-06
5       4       88      9.83965476841268E-05    4E-06
5       4       90      9.62240817649497E-05    4E-06
5       4       92      0.000119962644711       4E-06

1	1	0	0.178452853917019	0.00178452853917
1	2	0	0.027535654502126	0.000275356545021
1	3	0	0.000147684869727	4E-06
1	4	0	0.00030017472159	4E-06
2       1       0       0.196518475086475       0.001965184750865
2       1       0       0.040764877375741       0.000407648773757
2       3       0       0.000119246490078       4E-06
2       4       0       0.000290205042214       4E-06
3       1       0       0.172886725245276       0.001728867252453
3       2       0       0.062612321507633       0.000626123215076
3       3       0       0.000131803827092       4E-06
3       4       0       0.000267294889216       4E-06
4       1       0       0.153074079349427       0.001530740793494
4       2       0       0.04947320660499        0.00049473206605
4       3       0       0.000114188709164       4E-06
4       4       0       0.000253079990148       4E-06
5       1       0       0.159125698468124       0.001591256984681
5       2       0       0.039055788190298       0.000390557881903
5       3       0       0.000138016866205       4E-06
5       4       0       0.000275575878768       4E-06




